0 3375 33125
0 3375 37022
0 3375 40919
0 3375 44816
0 3375 48713
0 3375 52611
0 3375 56508
11 3375 60405
12 0 11691
0 0 15588
0 0 19485
0 0 23382
0 0 27279
11 0 11691
12 0 7794
11 0 7794
0 0 58456
0 0 54559
0 0 50662
0 0 46765
0 0 42868
0 0 38971
0 0 35074
0 0 31176
11 -3375 60405
0 -3375 56508
0 -3375 52611
0 -3375 48713
0 -3375 44816
0 -3375 40919
0 -3375 37022
0 -3375 33125
0 6750 35074
0 6750 38971
0 6750 42868
0 6750 46765
0 6750 50662
0 6750 54559
0 6750 58456
12 3375 5845
11 3375 9743
12 3375 9743
11 3375 13640
12 3375 13640
0 3375 17537
0 3375 21434
0 3375 25331
0 3375 29228
0 -3375 29228
0 -3375 25331
0 -3375 21434
0 -3375 17537
12 -3375 13640
11 -3375 13640
12 -3375 9743
11 -3375 9743
12 -3375 5846
0 -6750 58456
0 -6750 54559
0 -6750 50662
0 -6750 46765
0 -6750 42868
0 -6750 38971
0 -6750 35074
0 10125 37022
0 10125 40919
0 10125 44816
0 10125 48713
0 10125 52611
0 10125 56508
11 10125 60405
11 6750 7794
12 6750 7794
11 6750 11691
12 6750 11691
0 6750 15588
0 6750 19485
0 6750 23382
0 6750 27279
0 6750 31176
0 -6750 31176
0 -6750 27279
0 -6750 23382
0 -6750 19485
0 -6750 15588
12 -6750 11691
11 -6750 11691
12 -6750 7794
11 -6750 7794
11 -10125 60405
0 -10125 56508
0 -10125 52611
0 -10125 48713
0 -10125 44816
0 -10125 40919
0 -10125 37022
0 13500 35074
0 13500 38971
0 13500 42868
0 13500 46765
0 13500 50662
0 13500 54559
0 13500 58456
12 10125 5845
11 10125 9743
12 10125 9743
0 10125 13639
0 10125 17537
0 10125 21434
0 10125 25331
0 10125 29228
0 10125 33125
0 -10125 33125
0 -10125 29228
0 -10125 25331
0 -10125 21434
0 -10125 17537
0 -10125 13639
12 -10125 9742
11 -10125 9742
12 -10125 5845
0 -13500 58456
0 -13500 54559
0 -13500 50662
0 -13500 46765
0 -13500 42868
0 -13500 38971
0 -13500 35074
0 16875 29228
0 16875 33125
0 16875 37022
0 16875 40919
0 16875 44816
0 16875 48713
0 16875 52611
0 16875 56508
11 16875 60405
0 13500 7794
0 13500 11691
0 13500 15588
0 13500 19485
0 13500 23382
0 13500 27279
0 13500 31176
0 -13500 31176
0 -13500 27279
0 -13500 23382
0 -13500 19485
0 -13500 15588
0 -13500 11691
0 -13500 7794
11 -16875 60405
0 -16875 56508
0 -16875 52611
0 -16875 48713
0 -16875 44816
0 -16875 40919
0 -16875 37022
0 -16875 33125
0 -16875 29228
0 20250 23382
0 20250 27279
0 20250 31176
0 20250 35074
0 20250 38971
0 20250 42868
0 20250 46765
0 20250 50662
0 20250 54559
0 20250 58456
0 16875 5845
0 16875 9742
0 16875 13639
0 16875 17537
0 16875 21434
0 16875 25331
0 -16875 25331
0 -16875 21434
0 -16875 17537
0 -16875 13639
0 -16875 9742
0 -16875 5845
0 -20250 58456
0 -20250 54559
0 -20250 50662
0 -20250 46765
0 -20250 42868
0 -20250 38971
0 -20250 35074
0 -20250 31176
0 -20250 27279
0 -20250 23382
0 23625 21434
0 23625 25331
0 23625 29228
0 23625 33125
0 23625 37022
0 23625 40919
0 23625 44816
0 23625 48713
0 23625 52611
0 23625 56508
11 23625 60405
0 20250 3897
0 20250 7794
0 20250 11691
0 20250 15588
0 20250 19485
0 -20250 19485
0 -20250 15588
0 -20250 11691
0 -20250 7794
0 -20250 3897
11 -23625 60405
0 -23625 56508
0 -23625 52611
0 -23625 48713
0 -23625 44816
0 -23625 40919
0 -23625 37022
0 -23625 33125
0 -23625 29228
0 -23625 25331
0 -23625 21434
0 27000 15588
0 27000 19485
0 27000 23382
0 27000 27279
0 27000 31176
0 27000 35074
0 27000 38971
0 27000 42868
0 27000 46765
0 27000 50662
0 27000 54559
0 27000 58456
0 23625 5845
0 23625 9742
0 23625 13639
0 23625 17537
0 -23625 17537
0 -23625 13639
0 -23625 9742
0 -23625 5845
0 -27000 58456
0 -27000 54559
0 -27000 50662
0 -27000 46765
0 -27000 42868
0 -27000 38971
0 -27000 35074
0 -27000 31176
0 -27000 27279
0 -27000 23382
0 -27000 19485
0 -27000 15588
12 3375 1949
11 6750 3897
12 10125 1949
0 13500 3897
0 30375 40919
0 30375 44816
0 30375 48713
0 30375 52611
7 30375 56508
11 10125 5845
12 6750 3897
11 3375 5845
11 0 3897
0 27000 3897
0 27000 7794
0 27000 11691
0 -27000 11691
0 -27000 7794
0 -27000 3897
12 0 3897
11 -3375 5846
12 -6750 3897
11 -10125 5845
5 -30375 56508
0 -30375 52611
0 -30375 48713
0 -30375 44816
0 -30375 40919
0 -13500 3897
12 -10125 1948
11 -6750 3897
12 -3375 1949
0 33750 35074
0 33750 38971
0 33750 42868
0 33750 46765
0 33750 50662
7 33750 54559
0 30375 1948
0 30375 5845
0 30375 9742
0 30375 13639
0 30375 17537
0 30375 21434
0 30375 25331
0 30375 29228
0 30375 33125
0 30375 37022
0 -30375 37022
0 -30375 33125
0 -30375 29228
0 -30375 25331
0 -30375 21434
0 -30375 17537
0 -30375 13639
0 -30375 9742
0 -30375 5845
0 -30375 1948
5 -33750 54559
0 -33750 50662
0 -33750 46765
0 -33750 42868
0 -33750 38971
0 -33750 35074
0 37125 25331
0 37125 29228
0 37125 33125
0 37125 37022
0 37125 40919
0 37125 44816
0 37125 48713
0 37125 52611
0 33750 3897
0 33750 7794
0 33750 11691
0 33750 15588
0 33750 19485
0 33750 23382
0 33750 27279
0 33750 31176
0 -33750 31176
0 -33750 27279
0 -33750 23382
0 -33750 19485
0 -33750 15588
0 -33750 11691
0 -33750 7794
0 -33750 3897
0 -37125 52611
0 -37125 48713
0 -37125 44816
0 -37125 40919
0 -37125 37022
0 -37125 33125
0 -37125 29228
0 -37125 25331
0 40500 15588
0 40500 19485
0 40500 23382
0 40500 27279
0 40500 31176
0 40500 35074
0 40500 38971
0 40500 42868
0 40500 46765
9 40500 50662
0 37125 1948
0 37125 5845
0 37125 9742
0 37125 13639
0 37125 17537
0 37125 21434
0 -37125 21434
0 -37125 17537
0 -37125 13639
0 -37125 9742
0 -37125 5845
0 -37125 1948
3 -40500 50662
0 -40500 46765
0 -40500 42868
0 -40500 38971
0 -40500 35074
0 -40500 31176
0 -40500 27279
0 -40500 23382
0 -40500 19485
0 -40500 15588
9 47250 38971
0 43875 1948
0 43875 5845
0 43875 9742
0 43875 13639
0 43875 17537
0 43875 21434
0 43875 25331
0 43875 29228
0 43875 33125
0 43875 37022
0 43875 40919
9 43875 44816
0 40500 3897
0 40500 7794
0 40500 11691
0 -40500 11691
0 -40500 7794
0 -40500 3897
3 -43875 44816
0 -43875 40919
0 -43875 37022
0 -43875 33125
0 -43875 29228
0 -43875 25331
0 -43875 21434
0 -43875 17537
0 -43875 13639
0 -43875 9742
0 -43875 5845
0 -43875 1948
3 -47250 38971
0 50625 9742
0 50625 13639
0 50625 17537
0 50625 21434
0 50625 25331
0 50625 29228
9 50625 33125
0 47250 3897
0 47250 7794
0 47250 11691
0 47250 15588
0 47250 19485
0 47250 23382
0 47250 27279
0 47250 31176
0 47250 35074
0 -47250 35074
0 -47250 31176
0 -47250 27279
0 -47250 23382
0 -47250 19485
0 -47250 15588
0 -47250 11691
0 -47250 7794
0 -47250 3897
3 -50625 33125
0 -50625 29228
0 -50625 25331
0 -50625 21434
0 -50625 17537
0 -50625 13639
0 -50625 9742
9 60750 15588
0 57375 1948
0 57375 5845
0 57375 9742
0 57375 13639
0 57375 17537
9 57375 21434
0 54000 3897
0 54000 7794
0 54000 11691
0 54000 15588
0 54000 19485
0 54000 23382
9 54000 27279
0 50625 1948
0 50625 5845
0 -50625 5845
0 -50625 1948
3 -54000 27279
0 -54000 23382
0 -54000 19485
0 -54000 15588
0 -54000 11691
0 -54000 7794
0 -54000 3897
3 -57375 21434
0 -57375 17537
0 -57375 13639
0 -57375 9742
0 -57375 5845
0 -57375 1948
3 -60750 15588
0 60750 0
0 54000 0
0 47250 0
0 23625 1948
0 16875 1948
12 13500 0
11 10125 1949
12 6750 0
11 3375 1949
11 0 0
10 64125 1948
0 64125 5845
9 64125 9742
0 60750 3897
0 60750 7794
0 60750 11691
0 -60750 11691
0 -60750 7794
0 -60750 3897
3 -64125 9742
0 -64125 5845
1 -64125 1948
12 0 0
11 -3375 1949
12 -6750 0
11 -10125 1948
12 -13500 0
0 -16875 1948
0 -23625 1948
0 -47250 0
0 -54000 0
0 -60750 0
0 40500 0
0 33750 0
0 27000 0
0 23625 -1949
0 20250 0
0 16875 -1949
11 13500 0
12 10125 -1949
11 6750 0
12 3375 -1949
10 64125 -1949
0 64125 -5846
8 64125 -9743
0 60750 -3898
0 60750 -7795
0 60750 -11692
0 -60750 -11692
0 -60750 -7795
0 -60750 -3898
2 -64125 -9743
0 -64125 -5846
1 -64125 -1949
12 -3375 -1949
11 -6750 0
12 -10125 -1949
11 -13500 0
0 -16875 -1949
0 -20250 0
0 -23625 -1949
0 -27000 0
0 -33750 0
0 -40500 0
8 60750 -15589
0 57375 -1949
0 57375 -5846
0 57375 -9743
0 57375 -13640
0 57375 -17538
8 57375 -21435
0 54000 -3898
0 54000 -7795
0 54000 -11692
0 54000 -15589
0 54000 -19486
0 54000 -23383
8 54000 -27280
0 50625 -1949
0 50625 -5846
0 -50625 -5846
0 -50625 -1949
2 -54000 -27280
0 -54000 -23383
0 -54000 -19486
0 -54000 -15589
0 -54000 -11692
0 -54000 -7795
0 -54000 -3898
2 -57375 -21435
0 -57375 -17538
0 -57375 -13640
0 -57375 -9743
0 -57375 -5846
0 -57375 -1949
2 -60750 -15589
0 50625 -9743
0 50625 -13640
0 50625 -17538
0 50625 -21435
0 50625 -25332
0 50625 -29229
8 50625 -33126
0 47250 -3898
0 47250 -7795
0 47250 -11692
0 47250 -15589
0 47250 -19486
0 47250 -23383
0 47250 -27280
0 47250 -31177
0 47250 -35075
0 -47250 -35075
0 -47250 -31177
0 -47250 -27280
0 -47250 -23383
0 -47250 -19486
0 -47250 -15589
0 -47250 -11692
0 -47250 -7795
0 -47250 -3898
2 -50625 -33126
0 -50625 -29229
0 -50625 -25332
0 -50625 -21435
0 -50625 -17538
0 -50625 -13640
0 -50625 -9743
8 47250 -38972
0 43875 -1949
0 43875 -5846
0 43875 -9743
0 43875 -13640
0 43875 -17538
0 43875 -21435
0 43875 -25332
0 43875 -29229
0 43875 -33126
0 43875 -37023
0 43875 -40920
8 43875 -44817
0 40500 -3898
0 40500 -7795
0 40500 -11692
0 -40500 -11692
0 -40500 -7795
0 -40500 -3898
2 -43875 -44817
0 -43875 -40920
0 -43875 -37023
0 -43875 -33126
0 -43875 -29229
0 -43875 -25332
0 -43875 -21435
0 -43875 -17538
0 -43875 -13640
0 -43875 -9743
0 -43875 -5846
0 -43875 -1949
2 -47250 -38972
0 40500 -15589
0 40500 -19486
0 40500 -23383
0 40500 -27280
0 40500 -31177
0 40500 -35075
0 40500 -38972
0 40500 -42869
0 40500 -46766
8 40500 -50663
0 37125 -1949
0 37125 -5846
0 37125 -9743
0 37125 -13640
0 37125 -17538
0 37125 -21435
0 -37125 -21435
0 -37125 -17538
0 -37125 -13640
0 -37125 -9743
0 -37125 -5846
0 -37125 -1949
2 -40500 -50663
0 -40500 -46766
0 -40500 -42869
0 -40500 -38972
0 -40500 -35075
0 -40500 -31177
0 -40500 -27280
0 -40500 -23383
0 -40500 -19486
0 -40500 -15589
0 37125 -25332
0 37125 -29229
0 37125 -33126
0 37125 -37023
0 37125 -40920
0 37125 -44817
0 37125 -48714
0 37125 -52612
0 33750 -3898
0 33750 -7795
0 33750 -11692
0 33750 -15589
0 33750 -19486
0 33750 -23383
0 33750 -27280
0 33750 -31177
0 -33750 -31177
0 -33750 -27280
0 -33750 -23383
0 -33750 -19486
0 -33750 -15589
0 -33750 -11692
0 -33750 -7795
0 -33750 -3898
0 -37125 -52612
0 -37125 -48714
0 -37125 -44817
0 -37125 -40920
0 -37125 -37023
0 -37125 -33126
0 -37125 -29229
0 -37125 -25332
0 33750 -35075
0 33750 -38972
0 33750 -42869
0 33750 -46766
0 33750 -50663
6 33750 -54560
0 30375 -1949
0 30375 -5846
0 30375 -9743
0 30375 -13640
0 30375 -17538
0 30375 -21435
0 30375 -25332
0 30375 -29229
0 30375 -33126
0 30375 -37023
0 -30375 -37023
0 -30375 -33126
0 -30375 -29229
0 -30375 -25332
0 -30375 -21435
0 -30375 -17538
0 -30375 -13640
0 -30375 -9743
0 -30375 -5846
0 -30375 -1949
4 -33750 -54560
0 -33750 -50663
0 -33750 -46766
0 -33750 -42869
0 -33750 -38972
0 -33750 -35075
11 3375 -1949
12 6750 -3898
11 10125 -1949
0 13500 -3898
0 30375 -40920
0 30375 -44817
0 30375 -48714
0 30375 -52612
6 30375 -56509
12 10125 -5845
11 6750 -3898
12 3375 -5845
12 0 -3898
0 27000 -3898
0 27000 -7795
0 27000 -11692
0 -27000 -11692
0 -27000 -7795
0 -27000 -3898
11 0 -3898
12 -3375 -5845
11 -6750 -3898
12 -10125 -5846
4 -30375 -56509
0 -30375 -52612
0 -30375 -48714
0 -30375 -44817
0 -30375 -40920
0 -13500 -3898
11 -10125 -1949
12 -6750 -3898
11 -3375 -1949
0 27000 -15589
0 27000 -19486
0 27000 -23383
0 27000 -27280
0 27000 -31177
0 27000 -35075
0 27000 -38972
0 27000 -42869
0 27000 -46766
0 27000 -50663
0 27000 -54560
0 27000 -58457
0 23625 -5846
0 23625 -9743
0 23625 -13640
0 23625 -17538
0 -23625 -17538
0 -23625 -13640
0 -23625 -9743
0 -23625 -5846
0 -27000 -58457
0 -27000 -54560
0 -27000 -50663
0 -27000 -46766
0 -27000 -42869
0 -27000 -38972
0 -27000 -35075
0 -27000 -31177
0 -27000 -27280
0 -27000 -23383
0 -27000 -19486
0 -27000 -15589
0 23625 -21435
0 23625 -25332
0 23625 -29229
0 23625 -33126
0 23625 -37023
0 23625 -40920
0 23625 -44817
0 23625 -48714
0 23625 -52612
0 23625 -56509
12 23625 -60406
0 20250 -3898
0 20250 -7795
0 20250 -11692
0 20250 -15589
0 20250 -19486
0 -20250 -19486
0 -20250 -15589
0 -20250 -11692
0 -20250 -7795
0 -20250 -3898
12 -23625 -60406
0 -23625 -56509
0 -23625 -52612
0 -23625 -48714
0 -23625 -44817
0 -23625 -40920
0 -23625 -37023
0 -23625 -33126
0 -23625 -29229
0 -23625 -25332
0 -23625 -21435
0 20250 -23383
0 20250 -27280
0 20250 -31177
0 20250 -35075
0 20250 -38972
0 20250 -42869
0 20250 -46766
0 20250 -50663
0 20250 -54560
0 20250 -58457
0 16875 -5846
0 16875 -9743
0 16875 -13640
0 16875 -17538
0 16875 -21435
0 16875 -25332
0 -16875 -25332
0 -16875 -21435
0 -16875 -17538
0 -16875 -13640
0 -16875 -9743
0 -16875 -5846
0 -20250 -58457
0 -20250 -54560
0 -20250 -50663
0 -20250 -46766
0 -20250 -42869
0 -20250 -38972
0 -20250 -35075
0 -20250 -31177
0 -20250 -27280
0 -20250 -23383
0 16875 -29229
0 16875 -33126
0 16875 -37023
0 16875 -40920
0 16875 -44817
0 16875 -48714
0 16875 -52612
0 16875 -56509
12 16875 -60406
0 13500 -7795
0 13500 -11692
0 13500 -15589
0 13500 -19486
0 13500 -23383
0 13500 -27280
0 13500 -31177
0 -13500 -31177
0 -13500 -27280
0 -13500 -23383
0 -13500 -19486
0 -13500 -15589
0 -13500 -11692
0 -13500 -7795
12 -16875 -60406
0 -16875 -56509
0 -16875 -52612
0 -16875 -48714
0 -16875 -44817
0 -16875 -40920
0 -16875 -37023
0 -16875 -33126
0 -16875 -29229
0 13500 -35075
0 13500 -38972
0 13500 -42869
0 13500 -46766
0 13500 -50663
0 13500 -54560
0 13500 -58457
11 10125 -5845
12 10125 -9743
11 10125 -9743
0 10125 -13640
0 10125 -17538
0 10125 -21435
0 10125 -25332
0 10125 -29229
0 10125 -33126
0 -10125 -33126
0 -10125 -29229
0 -10125 -25332
0 -10125 -21435
0 -10125 -17538
0 -10125 -13640
11 -10125 -9743
12 -10125 -9743
11 -10125 -5846
0 -13500 -58457
0 -13500 -54560
0 -13500 -50663
0 -13500 -46766
0 -13500 -42869
0 -13500 -38972
0 -13500 -35075
0 10125 -37023
0 10125 -40920
0 10125 -44817
0 10125 -48714
0 10125 -52612
0 10125 -56509
12 10125 -60406
12 6750 -7795
11 6750 -7795
12 6750 -11692
11 6750 -11692
0 6750 -15589
0 6750 -19486
0 6750 -23383
0 6750 -27280
0 6750 -31177
0 -6750 -31177
0 -6750 -27280
0 -6750 -23383
0 -6750 -19486
0 -6750 -15589
11 -6750 -11692
12 -6750 -11692
11 -6750 -7795
12 -6750 -7795
12 -10125 -60406
0 -10125 -56509
0 -10125 -52612
0 -10125 -48714
0 -10125 -44817
0 -10125 -40920
0 -10125 -37023
0 6750 -35075
0 6750 -38972
0 6750 -42869
0 6750 -46766
0 6750 -50663
0 6750 -54560
0 6750 -58457
11 3375 -5845
12 3375 -9743
11 3375 -9743
12 3375 -13640
11 3375 -13640
0 3375 -17538
0 3375 -21435
0 3375 -25332
0 3375 -29229
0 -3375 -29229
0 -3375 -25332
0 -3375 -21435
0 -3375 -17538
11 -3375 -13640
12 -3375 -13640
11 -3375 -9743
12 -3375 -9743
11 -3375 -5845
0 -6750 -58457
0 -6750 -54560
0 -6750 -50663
0 -6750 -46766
0 -6750 -42869
0 -6750 -38972
0 -6750 -35075
0 3375 -33126
0 3375 -37023
0 3375 -40920
0 3375 -44817
0 3375 -48714
0 3375 -52612
0 3375 -56509
12 3375 -60406
11 0 -11692
0 0 -15589
0 0 -19486
0 0 -23383
0 0 -27280
12 0 -11692
11 0 -7795
12 0 -7795
0 0 -58457
0 0 -54560
0 0 -50663
0 0 -46766
0 0 -42869
0 0 -38972
0 0 -35075
0 0 -31177
12 -3375 -60406
0 -3375 -56509
0 -3375 -52612
0 -3375 -48714
0 -3375 -44817
0 -3375 -40920
0 -3375 -37023
0 -3375 -33126
